1836.21000 295.60397   2.50000
1852.92000 292.50357   2.89000
1857.90000 292.10344   2.63000
1880.59000 295.70289   2.10000
1891.84000 293.00262   2.04000
1913.88000 300.80209   2.78000
1928.74000 305.40173   2.34000
1930.70000 302.80168   2.17000
1935.37000 307.80157   2.18000
1937.13000 307.20152   2.14000
1942.51000 309.30139   2.13000
1955.88000 313.60107   1.87000
1956.89000 311.90105   2.10000
1959.78000 311.80098   1.89000
1959.82000 317.72097   1.88000
1960.71000 313.60095   1.73000
1975.72200 319.80059   1.86000
1977.82200 317.30054   1.97000
1977.82600 313.40054   2.02000
1991.25000 324.80021   1.69900
1991.43000 324.90021   1.69000
2001.86460 328.79995   1.57100
2001.86460 328.79995   1.55900
2001.87020 330.99995   1.58500
2001.87020 329.09995   1.62000
2008.76970 332.69979   1.49000
2015.74340 337.29962   1.40800