00006-5306
1836.21   295.6  2.5  
1852.92   292.5  2.89 
1857.90   292.1  2.63 
1880.59   295.7  2.10 
1891.84   293.0  2.04 
1913.88   300.8  2.78 
1928.74   305.4  2.34 
1930.70   302.8  2.17 
1935.37   307.8  2.18 
1937.13   307.2  2.14 
1942.51   309.3  2.13 
1955.88   313.6  1.87 
1956.89   311.9  2.10 
1959.78   311.8  1.89 
1959.82   317.72 1.88 
1960.71   313.6  1.73 
1975.722  319.8  1.86 
1977.822  317.3  1.97 
1977.826  313.4  2.02 
1991.25   324.8  1.699
1991.43   324.9  1.69 
2001.8646 328.8  1.571
2001.8646 328.8  1.559
2001.8702 331.0  1.585
2001.8702 329.1  1.620
2008.7697 332.7  1.490
2015.7434 337.3  1.408